eval_loss = 0.6226533043974352
eval_AUCPR = 0.47782890603525674
eval_AUROC = 0.623503749882185
