eval_loss = nan
eval_AUCPR = 0.44868135724599445
eval_AUROC = 0.6735174228629384