eval_loss = 0.797033535658427
eval_AUCPR = 0.4786642566604221
eval_AUROC = 0.6281767470078957