eval_loss = 0.799853596590276
eval_AUCPR = 0.4822588759093708
eval_AUROC = 0.6358493726699368