eval_loss = 0.8383520149818549
eval_AUCPR = 0.4596972879551806
eval_AUROC = 0.6093142733133055