eval_loss = 0.7208203874853452
eval_AUCPR = 0.48751560765329943
eval_AUROC = 0.6350892186035976
