eval_loss = 0.6218016985245458
eval_AUCPR = 0.48827488001613145
eval_AUROC = 0.630864116371885
