eval_loss = 1.2823657169229892
eval_AUCPR = 0.479058677356476
eval_AUROC = 0.6178864509220456