eval_loss = 0.20041713378769638
eval_AUCPR = 0.6104963330586709
eval_AUROC = 0.8360128414712424