eval_loss = 0.9292235269855645
eval_AUCPR = 0.4682900499254387
eval_AUROC = 0.6291832234650987
