eval_loss = 0.7430942757752009
eval_AUCPR = 0.46925578587214345
eval_AUROC = 0.6229376440015746