eval_loss = 36.8480999802718
eval_AUCPR = 0.6078824103032521
eval_AUROC = 0.8455358337551123