eval_loss = 3.735524814418836
eval_AUCPR = 0.4329113428474366
eval_AUROC = 0.609386348353719