eval_loss = 0.8794271143476992
eval_AUCPR = 0.47298607662668946
eval_AUROC = 0.6295166695311876